══════════════════════════════════════════════════════════════════════════════════════
  FUNDAMENTAL FEATURES EXPERIMENT — holdout AUC, technical-only vs +fundamentals
══════════════════════════════════════════════════════════════════════════════════════
  Symbol   down base  down +fund      Δ    up base    up +fund      Δ
  ────────────────────────────────────────────────────────────────────────────────
  NVDA         0.532       0.352 -0.181      0.439       0.530 +0.091
  AMD          0.435       0.395 -0.040      0.517       0.344 -0.173
  AAPL         0.582       0.645 +0.063      0.489       0.547 +0.057
  AMZN         0.522       0.555 +0.034      0.552       0.718 +0.166
  META         0.471       0.538 +0.067      0.510       0.602 +0.092
  MSFT         0.521       0.578 +0.057      0.400       0.481 +0.081
  GOOGL        0.528       0.524 -0.004      0.503       0.515 +0.012
  IBM          0.537       0.580 +0.043      0.531       0.570 +0.040
  INTC         0.540       0.534 -0.006      0.625       0.636 +0.012
  IONQ         0.409       0.685 +0.276      0.612       0.694 +0.081
  KO           0.522       0.621 +0.099      0.569       0.596 +0.027
  MMM          0.407       0.613 +0.206      0.557       0.683 +0.126
  XOM          0.504       0.555 +0.050      0.576       0.477 -0.099
  PG           0.503       0.524 +0.020      0.498       0.603 +0.105
  TSLA         0.440       0.508 +0.069      0.518       0.535 +0.017
  UNH          0.532       0.455 -0.076      0.591       0.544 -0.047
  HD           0.572       0.736 +0.164      0.505       0.709 +0.204
  ABT          0.454       0.413 -0.041      0.377       0.569 +0.192
  ────────────────────────────────────────────────────────────────────────────────
  MEDIAN       0.521       0.546 +0.025      0.517       0.570 +0.052
══════════════════════════════════════════════════════════════════════════════════════
  Done in 67s
